80
75
69
74
74
79
83
78
73
67
62
66
70
75
75
79
83
88
92
97
100
100
100
95
95
89
84
78
78
73
67
62
56
51
51
45
40
35
35
29
24
18
13
17
21
26
30
35
39
43
48
52
57
61
66
70
70
75
79
83
83
88
92
97
100
100
100
100
100
100
95
95
89
84
78
78
73
67
62
56
51
55
59
63
68
72
72
77
81
86
90
90
95
99
99
100
95
89
84
78
73
67
72
77
81
86
90
95
99
93
93
87
82
76
71
75
79
83
88
92
97
100
95
89
84
78
73
67
62
56
61
66
70
75
75
79
83
78
78
73
67
62
56
51
45
40
35
29
24
18
13
7
12
17
21
21
26
30
35
39
43
48
48
48
52
57
61
66
70
75
79
83
88
92
87
82
76
71
65
70
70
75
79
83
78
73
67
62
56
61
66
70
75
79
83
78
78
73
67
62
66
66
70
75
79
83
88
82
76
71
65
60
55
49
44
48
52
57
61
66
70
75
79
83
78
73
77
77
81
86
90
95
89
89
84
78
78
73
67
72
72
77
81
76
71
65
60
55
49
54
59
63
68
72
77
71
65
60
55
59
63
68
72
77
81
76
71
75
75
79
83
88
82
76
71
65
60
55
59
59
63
63
68
72
77
81
86
90
95
99
100
95
95
89
89
84
78
73
73
67
62
56
51
45
40
35
29
24
28
32
37
41
46
50
50
50
55
55
59
63
68
72
77
81
81
86
90
95
99
100
95
89
84
78
73
67
62
56
61
66
70
75
79
79
83
88
92
97
91
85
80
85
90
85
80
75
79
83
88
92
97
100
95
89
94
89
84
78
73
67
62
56
51
45
50
50
55
59
63
68
72
77
81
86
90
95
99
100
100
100
100
95
89
84
78
83
88
92
97
100
100
95
99
99
100
100
100
95
89
84
88
92
97
100
100
100
95
89
94
99
100
100
100
100
100
100
100
95
89
84
88
92
97
100
95
89
94
99
100
95
99
100
100
95
89
94
99
100
95
99
100
95
99
100
100
100
100
100
100
95
89
84
88
92
97
100
95
89
94
99
100
95
99
100
100
100
95
89
94
99
100
95
99
100
95
99
100
100
100
100
100
100
100
100
100
95
89
94
99
100
100
95
89
84
88
92
97
100
100
95
99
100
95
99
100
95
89
94
99
100
100
95
89
94
99
100
95
99
99
100
100
100
95
89
84
88
92
97
100
100
100
95
89
84
78
83
88
92
97
100
100
100
100
100
95
89
84
78
83
88
92
97
100
100
100
95
89
94
99
100
95
99
100
100
100
100
95
95
99
99
100
100
100
100
95
89
84
78
73
67
62
66
70
75
79
83
88
92
92
97
100
83
83
88
82
76
81
86
90
95
89
84
78
73
73
67
62
56
61
61
66
70
75
79
83
88
92
97
97
100
100
100
100
100
100
100
100
100
95
95
89
84
84
78
73
67
67
62
56
51
55
55
59
63
68
72
77
81
86
90
95
99
99
100
100
95
95
89
84
78
83
78
73
67
62
56
51
45
40
45
45
50
55
59
63
68
72
77
81
81
81
86
90
85
80
75
69
64
58
53
47
52
57
57
61
66
70
65
65
60
55
55
49
44
48
52
57
57
61
66
60
60
55
49
44
38
33
27
22
16
11
11
5
10
10
15
19
23
28
32
37
41
46
50
55
59
63
68
72
77
81
86
90
95
99
100
100
100
73
67
72
72
77
81
86
80
75
79
83
88
92
97
100
100
100
100
95
89
84
78
73
77
77
81
86
90
95
99
100
100
100
100
100
100
95
95
89
84
78
73
77
81
86
90
95
99
99
100
100
95
95
89
84
78
73
67
62
56
51
45
40
35
29
24
18
23
28
28
32
32
37
41
46
50
50
55
55
59
63
68
68
72
77
77
81
81
86
86
90
95
99
99
100
100
100
100
100
100
100
100
100
100
100
95
89
84
78
83
83
88
92
87
82
76
71
65
70
75
79
83
88
92
97
91
85
80
75
69
64
58
53
57
61
66
70
70
75
79
83
83
88
92
97
100
100
100
100
100
100
95
89
84
88
92
97
100
95
89
84
78
73
67
62
56
100
100
100
95
89
94
99
100
95
89
84
78
83
88
92
97
100
100
100
95
89
84
84
78
73
77
81
86
90
95
99
100
100
100
100
100
95
95
95
89
84
88
92
97
100
100
100
100
95
89
84
78
83
83
88
92
97
100
95
89
94
99
100
100
100
95
89
94
94
99
100
100
100
95
89
94
99
100
95
99
100
95
95
99
100
100
95
89
94
99
100
95
89
94
94
99
100
95
89
84
78
83
83
88
92
97
100
100
95
89
84
84
88
88
92
97
100
95
89
94
99
100
95
99
100
100
100
100
100
95
95
99
100
95
89
94
99
100
95
99
100
100
95
89
84
78
83
83
88
92
97
100
100
95
89
94
99
100
100
95
89
94
99
93
87
82
76
81
81
86
90
95
99
100
95
89
94
99
100
95
89
84
88
88
92
97
100
100
100
95
89
84
88
88
92
97
100
100
95
89
94
99
100
100
100
95
89
84
88
88
92
97
100
100
95
95
89
84
88
92
97
100
100
95
95
89
84
78
83
88
92
97
100
100
95
95
89
84
88
88
92
92
97
100
100
95
89
84
78
83
83
88
92
97
100
95
89
84
78
73
77
77
81
86
90
95
95
99
99
100
95
99
100
100
100
100
95
89
84
78
73
67
62
62
62
56
51
51
51
45
40
45
45
50
55
59
63
68
68
72
77
77
81
86
90
95
99
100
100
100
100
100
100
95
89
84
88
92
97
100
95
89
84
78
73
77
81
86
90
95
99
100
100
95
89
84
78
83
88
92
97
100
95
89
84
78
83
88
92
97
100
100
100
100
95
89
84
78
83
88
92
97
100
95
89
84
78
73
77
77
81
86
86
90
90
95
99
100
100
95
95
89
84
78
73
77
77
81
86
90
95
99
100
100
100
95
95
89
84
78
73
67
67
62
56
56
51
55
55
59
63
68
72
77
81
76
76
71
65
60
65
65
70
75
75
79
83
88
88
92
97
100
100
100
95
89
84
78
73
67
62
56
61
66
70
75
79
83
88
92
97
91
85
80
75
79
83
88
92
97
100
100
95
89
84
78
73
67
62
56
51
55
59
63
68
72
77
81
86
90
95
99
100
100
100
95
89
84
88
100
100
100
100
95
89
84
78
73
73
67
62
56
51
45
45
40
35
29
24
24
18
13
7
2
2
0
0
0
0
0
0
0
5
5
10
10
15
19
19
19
23
23
28
32
32
32
37
41
46
46
46
50
55
59
59
59
63
63
68
72
72
77
81
81
86
86
86
86
86
90
95
99
99
99
100
100
100
100
100
100
95
89
84
88
88
92
97
100
100
95
89
94
99
100
100
100
95
95
89
84
88
88
92
97
100
100
95
89
84
88
88
92
97
100
