445

55
50
45
40
35
40
45
50
55
60
65
55
50
55
60
65
70
75
80
75
70
65
60
65
70
65
60
55
50
55
60
65
70
75
70
65
60
55
55
55
50
45
40
45
50
55
60
65
60
55
50
45
40
35
40
45
50
55
60
55
50
45
40
45
50
55
50
45
50
55
60
65
70
65
60
55
50
55
60
65
70
65
60
55
50
45
40
45
50
55
60
65
70
75
80
85
90
95
100
105
110
105
100
95
90
85
80
75
13
8
3
8
13
18
23
28
33
28
23
28
33
38
43
48
43
38
33
28
23
18
13
18
23
28
33
38
43
38
33
28
33
38
43
48
53
48
43
38
33
28
33
28
23
28
33
38
43
38
33
28
23
18
23
28
23
18
23
28
33
38
33
28
23
18
23
28
33
38
43
48
53
57
63
57
53
48
43
38
33
28
33
38
43
48
43
38
33
28
23
18
23
28
33
38
43
48
53
57
53
48
43
38
33
33
28
23
18
23
28
23
80
85
90
95
100
95
90
85
80
75
70
65
60
55
60
42
47
52
56
62
67
72
77
72
67
62
67
72
77
72
67
72
77
72
67
62
67
72
77
82
87
82
77
72
67
72
77
72
67
67
72
77
72
67
62
67
72
77
82
77
72
67
62
67
72
77
82
87
92
97
102
97
92
82
77
72
67
72
77
82
87
92
97
102
97
92
87
82
77
72
67
62
56
52
47
42
45
40
35
30
25
30
35
45
50
55
60
55
50
45
50
55
60
65
70
75
80
85
80
75
70
65
60
55
50
55
60
55
50
55
60
55
50
45
50
55
60
65
70
75
80
85
90
85
80
75
70
65
70
75
80
85
75
70
65
55
50
45
40
35
25
20
15
10
15
20
25
30
35
40
45
50
60
65
75
80
85
90
95
100
95
90
85
80
75
70
65
60
55
50
45
50
55
60
65
60
55
50
45
50
60
65
70
65
60
55
50
45
50
55
60
65
70
75
80
75
70
65
60
55
50
55
60
55
50
45
40
35
40
45
50
55
60
65
70
65
60
55
50
45
50
55
60
65
70
75
80
85
80
75
70
65
60
55
50
45
50
55
60
65
70
75
70
65
60
55
50
45
50
55
60
65
70
75
70
65
60
55
50
60
65
65
70
75
80
75
70
65
60
70
75
80
85
85
90
85
80
75
70
65
60
65
70
75
70
65
70
65
70
75
80
75
80
75
80
85
80
75
70
65
60
55
60
65
70
75
80
75
70
65
60
55
50
55
60
65
70
75
80
85
90
95
100
105
110
105
100
95
90
85
80
75
70
65
60
65
65
70
75
80
85
80
75
70
65
60
55
50
60
70
75
80
85
90
95
100
105
110
114
110
105
100
95
90
85
80
70
65
70
75
80
85
80
75
70
65
70
75
70
65
70
75
80
85
80
75
70
65
60
55
60
65
70
75
80
85
80
75
70
65
70
75
80
85
90
95
90
85
80
75
70
65
60
65
70
80
85
95
100
105
110
114
110
105
100
95
90
85
80
75
70
65
60
55
50
55
60
65
70
75
80
85
90
95
100
95
90
85
80
75
70
60
55
60
65
70
70
75
80
85
90
95
100
105
114
120
125
120
114
105
95
90
85
75
75
75
70
65
60
50
50
45
40
30
25
20
15
10
5
0
5
15
20
25
35
40
45
50
50
55
65
70
70
75
85
90
95
100
105
100
95
100
105
100
95
90
95
100
95
85
80
75
80
85
90
95
90
95
57
63
68
63
68
73
78
83
78
73
68
63
68
73
78
83
78
73
68
63
68
73
78
83
78
73
68
73
78
73
68
63
57
63
68
73
78
83
93
98
103
98
